10.9296
12.25523
254.5478
312.1026
422.7854
1316
1527
1640
1650
1723
1768
1815
1833
1835
1865
1869
1894
1923
1997
2158
2170
2179
2197
2203
2223
2250
2260
2269
2304
2451
2463
2532
2535
2569
2606
2612
2632
2645
2809
2811
3036
3057
3110
3172
3258
3261
3320
3342
3375
3381
3433
3444
3448
3541
3599
3607
3633
3640
3651
3665
3675
3683
3696
3706
3719
3734
3735
3745
3755
3762
3792
3839
3867
3903
3917
3971
3974
4035
4036
4044
4067
4070
4105
4107
4112
4126
4166
4178
4181
4232
4356
4370
4380
4397
4424
4462
4465
4490
4497
4506
4528
4571
4578
4662
4665
4681
4681
4683
4708
4730
4745
4785
4787
4828
4855
4889
4902
4952
4989
5011
5019
5096
5105
5106
5117
5173
5175
5225
5250
5266
5293
5330
5343
5362
5382
5383
5421
5423
5446
5450
5455
5491
5493
5497
5527
5658
5697
5707
5751
5814
5822
5846
5853
5858
5863
5944
5973
5996
6041
6255
6265
6265
6274
6306
6326
6351
6373
6384
6408
6429
6457
6538
6547
6572
6613
6634
6661
6662
6725
6728
6742
6771
6798
6806
6900
6904
6963
7034
7057
7089
7110
7127
7143
7205
7333
7502
7515
7613
7616
7626
7749
7856
7882
7928
7961
8037
8067
8083
8121
8171
8229
8266
8330
8339
8350
8358
8448
8587
8622
8650
8679
8737
8757
8821
8871
8930
9066
9276
9279
9373
9389
9649
9697
9714
9746
10055
10127
10141
10160
10212
10281
10302
10374
10406
10407
10508
10538
10580
10646
10790
10937
10976
11015
11053
11059
11179
11208
11216
11242
11257
11279
11289
11296
11312
11805
11895
11967
11987
12056
12201
12346
12392
12589
12602
12681
12826
12856
12987
13013
13154
13293
13307
13675
13697
13741
13789
14004
14086
14098
14118
14162
14204
14322
14383
14413
14594
14647
14663
14699
14709
14865
15122
15209
15248
15566
15605
15616
15655
15667
15748
15762
15787
15813
15940
16001
16040
16040
16049
16313
16355
16445
16485
16629
16708
16896
17015
17365
17457
17498
17637
17860
17947
17999
18045
18118
18200
18741
18911
19180
19260
19525
19732
19806
19930
20147
20336
20600
20663
20836
21038
21103
21144
21532
21641
21712
21967
22451
22470
22643
22765
22878
22908
23022
23372
23406
23446
23453
23592
23600
23731
23926
23954
24227
24237
24510
24942
26000
26124
26343
26504
27002
27372
27554
27686
27828
28240
28417
28672
28691
28803
28897
28943
29341
29461
29609
29612
29764
30319
30351
30386
31289
32095
33661
34437
34820
35283
35531
35616
35854
36183
37336
37830
38171
38438
38451
38461
38675
38772
39816
40393
40547
40561
40665
41590
41678
42014
42198
42730
43310
43800
45064
45304
46161
47613
47859
50030
50119
50526
50647
52942
53213
54036
54283
54842
54914
55649
55789
56446
56651
56939
57454
57547
58136
59276
60091
60576
61544
62313
62347.21
65395
65787
65895
68247
68980
69151
69270
71694
72994
73384
74450
75005
77270
77392
78270
79715
79905
80328
80862
81305
83808
84554
85026
85165
86878
87669
90300
90712
93353
96479
101336
102309
104575
105152
105829
112140
112212
112718
114998
121082
121384
122251
123089
128378
134017
135108
142624
144166
164776
177935
188591
203782
221708
222720
228398
228468.4
251277
277600
286554
291624
294748
326541
339092
352860.8
358758
376352
405785
482205
498095
600516
911139
942569.9
1132298
2066499
2173603
7659513
